Run tmagnet6 - 46 rays for transfer matrix plus 500 random rays
  546  500    0    2    0   46    0
 500. 2000.  1.   0.   -1.
'SHRT'  ' '
0.  0.  0.  0.  0.  180.
'COMM'  ' '
'COMM'  'THIS ILLUSTRATES THE USE OF COMMENTS AS A DEVICE TYPE'
'COMM'  'TO MAKE THE INPUT FILE MORE READABLE'
'COMM'  'COMMENT CARDS MAY NOT BE INSERTED INSIDE THE CARDS OF A DEVICE'
'COMM'  'BUT MAY ONLY BE INSERTED BETWEEN PHYSICAL DEVICES'
'COMM'  ' '
'COMM'  '-----------------------------------------------------'
'COMM'  'NOW COMES A DIPOLE MAGNET'
'DIPO'  ' '    
  0.5  0.5  0.5  6.  1  0
0.  100.  19.96  1.E10  0.297515236
0.  0.  0.
0.  0.  0.  0.
0.  0.  0.  85.
0.  0.  0.  0.  0.  0.
-33.2885746, 41.7588589, -19.6538659, 4.40145234, -0.373441297, 0.
0.  0.  0.  0.  0.  0.
0.  0.  0.  0.
0.  0.  0.  0.  0.  0.  0.
0.  0.  0.  0.  0.  0.  0.
'COMM'  ' '
'COMM'  '------------------------------------------------------'
'COMM'  'NOW SHIFT AND ROTATE'
'SHRT'  ' '
0.  0.  0.  0.  0.  -180.
'COMM'  '-------------------------------------------------------'
'SENT'   ' '     
 5.  1.  1. 170.  1.  140.  0.1
    0.8298  163.7842    0.4117   93.3885    0.0000    0.0000    0.0067
   -0.5540 -145.9164   -0.0811   22.5377    0.0000    0.0000   -0.0011
   -0.2280  163.4028    0.9852  134.8276    0.0000    0.0000   -0.0047
    0.4294  -77.5163    0.5917   56.1105    0.0000    0.0000    0.0097
    0.7154   49.3992   -0.7630  -11.4713    0.0000    0.0000    0.0093
    0.8034  -33.9682   -0.6523 -118.3930    0.0000    0.0000   -0.0008
    0.6031  167.3056   -0.1198    2.0707    0.0000    0.0000    0.0065
   -0.4471   78.3422    0.7929   66.0553    0.0000    0.0000   -0.0038
   -0.3185 -128.5500   -0.4170  -46.6627    0.0000    0.0000   -0.0079
    0.1130 -153.6663   -0.2491  -41.3350    0.0000    0.0000    0.0050
   -0.2831  -98.5796   -0.2125   -6.4608    0.0000    0.0000    0.0034
   -0.2787  -41.2636   -0.8616    9.6585    0.0000    0.0000   -0.0009
    0.0551  -55.7462   -0.1042  130.9452    0.0000    0.0000    0.0069
   -0.4530  -87.0020    0.1477  -92.4210    0.0000    0.0000    0.0096
    0.7695    3.6340   -0.7961  -90.6442    0.0000    0.0000    0.0069
   -0.5893   79.1447    0.7842   22.6309    0.0000    0.0000   -0.0083
    0.2810  149.3451   -0.4096 -130.4135    0.0000    0.0000   -0.0017
    0.9286  -35.7399    0.5896 -130.6230    0.0000    0.0000    0.0086
   -0.4988   20.7580   -0.4692   55.5791    0.0000    0.0000    0.0006
   -0.7823  160.4740    0.5457   51.1583    0.0000    0.0000   -0.0072
    0.5057   22.9407    0.3052   99.3399    0.0000    0.0000    0.0049
   -0.0067 -149.5456   -0.0470  -31.1618    0.0000    0.0000    0.0028
    0.1234 -160.0656    0.1605   99.9289    0.0000    0.0000   -0.0087
    0.9928  109.2059   -0.0833   81.5425    0.0000    0.0000    0.0071
   -0.2246 -155.7743   -0.1685   42.8776    0.0000    0.0000    0.0048
    0.8889   89.0761    0.4246   60.8373    0.0000    0.0000   -0.0011
    0.7085  -10.1572   -0.9757    1.9103    0.0000    0.0000   -0.0035
    0.5118 -168.8256   -0.2299  -74.9183    0.0000    0.0000   -0.0022
   -0.9479   99.9974   -0.1572   29.7612    0.0000    0.0000    0.0030
   -0.0303   34.9183   -0.0556  124.0894    0.0000    0.0000   -0.0021
   -0.3462  -57.4965   -0.1285   67.9312    0.0000    0.0000    0.0097
   -0.6478   63.6009    0.4920  108.7580    0.0000    0.0000   -0.0019
   -0.6186   82.5005    0.7489  -83.1931    0.0000    0.0000   -0.0050
   -0.6013  155.9901   -0.4941   23.6448    0.0000    0.0000   -0.0062
    0.2902   37.5704    0.9707 -121.3890    0.0000    0.0000   -0.0057
    0.2727   17.4437    0.6390 -109.6114    0.0000    0.0000   -0.0001
   -0.5732  -21.9619    0.6507   41.7707    0.0000    0.0000   -0.0064
    0.6188  110.5963    0.7302   15.5166    0.0000    0.0000    0.0043
   -0.4612   83.6837   -0.0873  -99.7134    0.0000    0.0000    0.0090
    0.4116  -53.2931    0.8156  128.4499    0.0000    0.0000    0.0086
   -0.8019   35.3044    0.0764 -116.3758    0.0000    0.0000    0.0034
    0.5100   75.0414   -0.5568   20.8561    0.0000    0.0000    0.0066
    0.4322   97.8869   -0.4707   11.6102    0.0000    0.0000   -0.0013
   -0.1147  -50.7056   -0.4753  -53.8317    0.0000    0.0000    0.0081
    0.9521   26.2348    0.3048  -18.9209    0.0000    0.0000    0.0044
    0.2028 -122.9951   -0.8714    2.5830    0.0000    0.0000   -0.0081
    0.9840   36.8079    0.4017    8.4562    0.0000    0.0000    0.0039
   -0.2577  -73.0339   -0.1733   25.9700    0.0000    0.0000    0.0072
   -0.5148  -64.9941    0.2952    2.0238    0.0000    0.0000    0.0070
   -0.8307  152.9635   -0.5977  -42.8304    0.0000    0.0000   -0.0048
   -0.7851  -60.1439    0.6696   72.7621    0.0000    0.0000    0.0051
    0.1117  -47.1630    0.7876   33.6383    0.0000    0.0000    0.0074
    0.9816   38.1259   -0.0425   53.6524    0.0000    0.0000   -0.0072
   -0.6572 -148.6629   -0.1449   23.7273    0.0000    0.0000    0.0031
   -0.4256  111.2893    0.9287  121.7424    0.0000    0.0000   -0.0033
    0.6293 -163.3832   -0.4311 -135.5691    0.0000    0.0000   -0.0027
    0.0842 -128.0853    0.3792  -34.4746    0.0000    0.0000    0.0077
   -0.1097  147.1234   -0.5111  -45.1042    0.0000    0.0000    0.0011
   -0.7701  -57.9041   -0.6700   26.2382    0.0000    0.0000   -0.0096
   -0.3854   90.1365   -0.8319   65.7591    0.0000    0.0000   -0.0030
    0.4791 -162.4979   -0.6457   57.0971    0.0000    0.0000    0.0091
    0.0234    6.3142    0.9526   82.9250    0.0000    0.0000    0.0007
   -0.3144  -54.9986    0.3153 -130.9231    0.0000    0.0000    0.0043
    0.0816   -7.6329    0.2957   79.8689    0.0000    0.0000    0.0063
   -0.5986  136.0629   -0.7077  -37.6119    0.0000    0.0000   -0.0001
   -0.6651   58.8184   -0.4820  -69.5709    0.0000    0.0000   -0.0018
    0.2177  166.9754   -0.1402   80.0847    0.0000    0.0000    0.0039
   -0.2265  -68.7700   -0.5728  -38.3337    0.0000    0.0000   -0.0081
    0.4960   70.0094   -0.1357  -26.4142    0.0000    0.0000    0.0048
   -0.7055  151.8035   -0.5682   82.6232    0.0000    0.0000    0.0046
   -0.9353  168.5608    0.2638  -90.0203    0.0000    0.0000   -0.0028
   -0.7484  -52.3715   -0.9311  -32.2547    0.0000    0.0000    0.0019
   -0.1154  167.8419    0.1772  104.2154    0.0000    0.0000    0.0056
   -0.4327  -81.9497   -0.8452   -0.7787    0.0000    0.0000    0.0024
   -0.6574  -86.6292   -0.3440   28.9622    0.0000    0.0000    0.0030
   -0.8674   85.2338    0.1947  -60.9895    0.0000    0.0000    0.0009
   -0.3418  -63.0626    0.0831  129.0776    0.0000    0.0000   -0.0001
    0.8060 -140.4894    0.6780  122.4751    0.0000    0.0000   -0.0006
   -0.1270  -40.9038   -0.0695 -132.9753    0.0000    0.0000   -0.0050
   -0.5102  -65.0374    0.0217  -49.7482    0.0000    0.0000    0.0061
   -0.7341   -2.1662   -0.8977  -10.9465    0.0000    0.0000   -0.0081
    0.4040    9.2508    0.6955  -56.1778    0.0000    0.0000    0.0062
   -0.2130   43.6711   -0.7522  121.8172    0.0000    0.0000    0.0018
    0.2339  114.9329    0.3525  -12.3430    0.0000    0.0000    0.0055
   -0.7043  133.4171   -0.6897   31.6640    0.0000    0.0000    0.0083
   -0.1859  121.7229   -0.5476  117.0121    0.0000    0.0000   -0.0064
   -0.9357 -152.7177    0.3479 -116.6821    0.0000    0.0000    0.0002
    0.5421   96.9987   -0.9221   33.2594    0.0000    0.0000   -0.0083
    0.6967 -165.8155    0.4262  132.2281    0.0000    0.0000    0.0089
   -0.3949   30.3192    0.5708  134.0548    0.0000    0.0000   -0.0091
    0.1217 -126.9561    0.8750   60.4798    0.0000    0.0000    0.0048
    0.7100 -128.1680    0.1954 -117.2664    0.0000    0.0000   -0.0092
    0.5561 -131.4682   -0.8165  -13.4412    0.0000    0.0000   -0.0061
    0.2070  -94.1710    0.9638   39.8847    0.0000    0.0000    0.0068
   -0.8669   -3.1355    0.7082   78.3027    0.0000    0.0000   -0.0007
    0.6030 -142.0561   -0.8956   24.3299    0.0000    0.0000   -0.0088
   -0.8054 -119.7656   -0.6249 -130.2611    0.0000    0.0000    0.0073
    0.8545  132.5212    0.9736    6.9816    0.0000    0.0000    0.0094
   -0.9446  -66.9920   -0.8314 -106.5444    0.0000    0.0000    0.0051
   -0.4382   75.8152    0.9560  -66.4181    0.0000    0.0000   -0.0027
    0.6396  -58.0226    0.7124   48.6959    0.0000    0.0000   -0.0078
   -0.3615   -8.3640   -0.6176  -36.0008    0.0000    0.0000   -0.0088
   -0.4957  -10.6377   -0.5799  -16.8853    0.0000    0.0000    0.0001
   -0.8524  -45.2419   -0.2135 -123.0402    0.0000    0.0000    0.0078
   -0.2716 -139.9817   -0.6103  -14.4171    0.0000    0.0000   -0.0058
    0.8996   77.9979    0.8615  119.7788    0.0000    0.0000    0.0098
   -0.4076   84.1766   -0.3569  -97.3280    0.0000    0.0000   -0.0016
   -0.1389   -9.6457    0.7938   34.0834    0.0000    0.0000    0.0069
    0.9184  127.1149   -0.3765  -92.6168    0.0000    0.0000   -0.0037
    0.6305  -87.3753    0.3610  -81.6129    0.0000    0.0000   -0.0039
    0.1447   24.7341   -0.2163   74.8166    0.0000    0.0000   -0.0096
    0.1993   73.7790    0.5013    8.5139    0.0000    0.0000    0.0029
    0.4857  111.0431   -0.2153 -121.9667    0.0000    0.0000    0.0096
    0.6277   -1.7185   -0.0987   59.0076    0.0000    0.0000   -0.0077
   -0.4126   57.7750    0.9811   29.5264    0.0000    0.0000    0.0068
   -0.3918  -26.9572   -0.8357  135.6880    0.0000    0.0000    0.0026
   -0.2285   19.3691   -0.5960   77.7348    0.0000    0.0000   -0.0035
   -0.5535  -41.7276   -0.9177  132.6941    0.0000    0.0000    0.0082
    0.3719   73.7013    0.4686 -118.0753    0.0000    0.0000    0.0056
    0.4265  133.3316   -0.4478  -94.1080    0.0000    0.0000    0.0021
   -0.2144  -14.4218   -0.4544  -32.6677    0.0000    0.0000   -0.0087
   -0.7761   63.7268   -0.0325  -85.6413    0.0000    0.0000    0.0034
   -0.7740   27.1622   -0.5420  -51.8071    0.0000    0.0000   -0.0028
    0.1063   12.9944    0.4696   26.4144    0.0000    0.0000    0.0002
    0.2849  -74.7038   -0.5422  -34.5132    0.0000    0.0000   -0.0028
   -0.9799 -139.3962   -0.4985  -59.8678    0.0000    0.0000   -0.0049
    0.7073   60.8522    0.4230 -104.5938    0.0000    0.0000   -0.0088
    0.5491  -88.9362    0.4995  -67.6825    0.0000    0.0000   -0.0013
   -0.1565  -43.7700   -0.9751   42.2156    0.0000    0.0000    0.0037
   -0.2601 -100.6604   -0.5511 -110.6706    0.0000    0.0000    0.0060
    0.4732   84.0517   -0.8429  130.3341    0.0000    0.0000   -0.0075
   -0.1257  161.6860   -0.5721   52.6073    0.0000    0.0000   -0.0048
   -0.0643   14.1148    0.8814  -89.7775    0.0000    0.0000    0.0034
   -0.9940  154.3241    0.8128   70.7717    0.0000    0.0000   -0.0058
   -0.3221 -110.6611    0.1669  -41.6082    0.0000    0.0000    0.0065
   -0.4607   75.2632   -0.9415   -1.6429    0.0000    0.0000    0.0065
    0.6550  -91.5563    0.1466  113.7005    0.0000    0.0000   -0.0061
    0.3945  -53.3056   -0.6565  115.1447    0.0000    0.0000   -0.0094
   -0.1330  -41.1050    0.1452  -35.2277    0.0000    0.0000    0.0012
   -0.5188  -41.7506    0.0247  -98.8486    0.0000    0.0000   -0.0074
    0.4491   -4.7877   -0.3910  -53.7684    0.0000    0.0000    0.0067
   -0.7404   26.3992    0.1174  -95.4748    0.0000    0.0000   -0.0086
   -0.2304  165.4207   -0.3950  128.2711    0.0000    0.0000    0.0079
   -0.0026   52.8298   -0.5284   47.7212    0.0000    0.0000    0.0013
   -0.4661 -134.6709    0.8914   95.0718    0.0000    0.0000   -0.0004
    0.0084 -142.7581    0.7106 -135.3665    0.0000    0.0000   -0.0055
    0.9705   81.9681    0.4260  -58.8711    0.0000    0.0000   -0.0090
    0.1007  -27.3603    0.2534 -109.4775    0.0000    0.0000    0.0016
    0.3970   -2.1083    0.1302 -139.7286    0.0000    0.0000   -0.0010
   -0.0846   -0.1158   -0.7854   54.1819    0.0000    0.0000   -0.0066
    0.3478  156.5470   -0.4520   33.4939    0.0000    0.0000    0.0060
    0.5042 -127.9060    0.7602   30.0710    0.0000    0.0000   -0.0072
   -0.7856   31.5032    0.7629   89.6563    0.0000    0.0000    0.0076
    0.8610  -44.0199   -0.3961   16.0123    0.0000    0.0000   -0.0004
    0.7610  -83.0749    0.9467  -15.2443    0.0000    0.0000   -0.0049
   -0.1495  137.1013    0.5126    9.1112    0.0000    0.0000    0.0019
    0.8528  -99.8087    0.1144  -83.8924    0.0000    0.0000    0.0065
   -0.2857  153.8435    0.8997  -73.5699    0.0000    0.0000    0.0012
   -0.8195  -52.8903   -0.6949  132.0655    0.0000    0.0000   -0.0067
   -0.9301  136.7316    0.0703  -45.6771    0.0000    0.0000   -0.0008
   -0.9706  -96.1027    0.4300  136.6533    0.0000    0.0000    0.0033
    0.9433  -29.4795    0.1323   63.8183    0.0000    0.0000    0.0089
   -0.6742   52.4638   -0.6954   61.6180    0.0000    0.0000    0.0071
    0.9567 -143.7462    0.6143  119.9011    0.0000    0.0000   -0.0037
   -0.2659 -163.7290    0.3178    5.4830    0.0000    0.0000    0.0098
    0.6471   18.5363    0.7845  -39.5583    0.0000    0.0000    0.0078
   -0.2968  -43.0337   -0.7825 -121.3528    0.0000    0.0000   -0.0028
    0.5433 -157.0022    0.5495  -45.4236    0.0000    0.0000    0.0053
    0.4412    0.2240   -0.1591  104.4091    0.0000    0.0000   -0.0056
   -0.4497  119.4203   -0.4041 -116.9513    0.0000    0.0000    0.0056
    0.2248  -17.2160    0.5958  -64.0315    0.0000    0.0000    0.0094
    0.5760 -137.7458    0.0469   50.4736    0.0000    0.0000   -0.0009
   -0.1703 -159.1678    0.6540    6.6031    0.0000    0.0000   -0.0080
   -0.6230  -69.6269   -0.7266  129.7148    0.0000    0.0000    0.0027
    0.8057   62.5179   -0.7327  -49.4780    0.0000    0.0000    0.0011
   -0.2913   33.4693   -0.1840   42.6469    0.0000    0.0000    0.0036
   -0.6251  -79.9957   -0.7398  135.8993    0.0000    0.0000    0.0007
   -0.8019   92.9421    0.2618   34.3092    0.0000    0.0000   -0.0009
   -0.8310 -157.2893   -0.0290  115.2204    0.0000    0.0000    0.0012
    0.1679 -136.0016    0.7124   61.7743    0.0000    0.0000   -0.0087
   -0.0217   41.9761    0.4943   34.3885    0.0000    0.0000    0.0089
   -0.3922  162.2432    0.0904   59.3336    0.0000    0.0000    0.0026
   -0.5481  135.7831    0.7884  -40.3011    0.0000    0.0000    0.0077
   -0.1395  -15.2542    0.3162 -122.8783    0.0000    0.0000   -0.0084
   -0.7766 -120.4843   -0.7699   27.2102    0.0000    0.0000   -0.0089
    0.3520 -108.4203   -0.6857    9.0162    0.0000    0.0000    0.0080
   -0.5592 -162.7341    0.0504  130.9088    0.0000    0.0000    0.0029
   -0.0561  -77.7120    0.2427 -135.2004    0.0000    0.0000    0.0097
   -0.4983  -87.3499    0.7654  -99.3766    0.0000    0.0000    0.0020
    0.5348   25.6132   -0.8914  -20.8612    0.0000    0.0000    0.0027
   -0.7361   12.6458    0.5642  -70.8372    0.0000    0.0000   -0.0073
    0.6785  143.8299   -0.3690  138.9871    0.0000    0.0000   -0.0009
   -0.5655  -96.2963   -0.0468   67.8795    0.0000    0.0000   -0.0063
   -0.7584  -97.1117   -0.0885   67.8046    0.0000    0.0000   -0.0054
   -0.1218  167.6296   -0.0508  -49.8998    0.0000    0.0000   -0.0072
   -0.8525 -139.6699    0.4269 -104.1450    0.0000    0.0000    0.0003
   -0.3001  -81.5960   -0.8962 -103.0281    0.0000    0.0000    0.0001
   -0.6275  160.2401   -0.1399    0.4920    0.0000    0.0000    0.0094
    0.7706   74.4551   -0.6311  -38.6731    0.0000    0.0000   -0.0008
   -0.2625   -5.8927    0.3516   90.8604    0.0000    0.0000   -0.0055
    0.8146  -80.3812   -0.5643  -33.0635    0.0000    0.0000    0.0017
   -0.2881  -15.0691    0.3492 -120.5644    0.0000    0.0000    0.0017
   -0.6214  -27.4246    0.6875  -72.4710    0.0000    0.0000    0.0010
   -0.2985  -24.6695    0.0454   78.6290    0.0000    0.0000    0.0086
   -0.0193   56.4737    0.2964   48.9455    0.0000    0.0000   -0.0094
   -0.7808 -155.1881    0.0213   79.9086    0.0000    0.0000    0.0074
    0.4710   65.5169   -0.7367  126.9334    0.0000    0.0000   -0.0085
    0.4340  -64.8375    0.0606  -30.3521    0.0000    0.0000   -0.0024
   -0.7720   27.4990    0.5961  128.1754    0.0000    0.0000    0.0064
   -0.3011  -65.0978   -0.5010  104.1913    0.0000    0.0000   -0.0082
   -0.6426  -46.7620    0.5109   91.5270    0.0000    0.0000   -0.0093
    0.5669  148.4033   -0.8383  -57.6569    0.0000    0.0000    0.0044
    0.8978 -159.9496   -0.1709 -117.4456    0.0000    0.0000    0.0097
   -0.0216  101.1750   -0.4156 -134.5485    0.0000    0.0000   -0.0062
    0.3418 -124.6119    0.5401   -8.6904    0.0000    0.0000   -0.0082
    0.1842  108.2555   -0.2004   95.6491    0.0000    0.0000    0.0038
   -0.0217 -163.0977   -0.8940  -71.5103    0.0000    0.0000    0.0069
   -0.8195 -160.4665    0.5673  -92.0976    0.0000    0.0000   -0.0036
    0.0111 -129.2066   -0.2966  117.6271    0.0000    0.0000   -0.0060
   -0.3308  -30.8466    0.9962   35.4957    0.0000    0.0000   -0.0014
   -0.6254  -68.7890    0.1245  128.0529    0.0000    0.0000    0.0053
    0.3070   16.8092    0.1701 -125.0754    0.0000    0.0000   -0.0022
   -0.4489   14.4349   -0.1773  -48.0125    0.0000    0.0000    0.0057
   -0.4829  -27.6175    0.6302 -128.1868    0.0000    0.0000    0.0018
   -0.7256   16.2254    0.4197   -3.1063    0.0000    0.0000   -0.0006
    0.8207  109.9837    0.7542  114.3718    0.0000    0.0000   -0.0010
   -0.3883 -137.4450    0.4959  103.0615    0.0000    0.0000   -0.0089
    0.0291    7.3370    0.2050 -112.1080    0.0000    0.0000    0.0015
    0.9871  -42.4437   -0.7653  -26.6261    0.0000    0.0000    0.0041
    0.8088   55.5674   -0.7551   61.4601    0.0000    0.0000    0.0041
    0.4246  121.2863   -0.4933  -21.7982    0.0000    0.0000   -0.0031
    0.4423  -56.9452   -0.6618   27.5121    0.0000    0.0000   -0.0052
    0.2387  137.3924   -0.3265  -37.1575    0.0000    0.0000    0.0054
   -0.2204  129.8351   -0.4125  137.8545    0.0000    0.0000    0.0096
    0.7373  165.2063   -0.2867  136.0717    0.0000    0.0000   -0.0022
   -0.8793  132.7256   -0.8915  -88.8147    0.0000    0.0000    0.0022
    0.5197  134.3412   -0.0668 -136.3013    0.0000    0.0000   -0.0037
    0.6244   79.6871    0.2996  134.7742    0.0000    0.0000   -0.0033
    0.7815   34.2379   -0.5265  -76.2987    0.0000    0.0000    0.0094
   -0.9822   39.8893    0.6997  -55.2579    0.0000    0.0000    0.0022
    0.6627 -111.7636    0.1911  -87.3619    0.0000    0.0000   -0.0069
    0.9727  -85.5666   -0.9048 -128.6296    0.0000    0.0000   -0.0014
    0.3150  102.1608   -0.3475 -105.2556    0.0000    0.0000    0.0063
    0.2871  148.3459    0.0961  -57.8719    0.0000    0.0000    0.0084
    0.7614 -107.4113    0.0367 -107.1240    0.0000    0.0000   -0.0018
   -0.0273 -127.0536   -0.9422  -45.8628    0.0000    0.0000   -0.0014
    0.2771 -113.0332    0.2005  -74.4440    0.0000    0.0000   -0.0029
    0.5150  -95.0314    0.2078   85.4346    0.0000    0.0000   -0.0048
   -0.9300  -12.7104   -0.8768  -38.8433    0.0000    0.0000    0.0017
    0.7505 -168.3667    0.0460  -21.4713    0.0000    0.0000   -0.0040
   -0.1187  -66.6385   -0.0356  128.5229    0.0000    0.0000   -0.0016
    0.7876  -18.5802    0.0955  118.3565    0.0000    0.0000    0.0056
    0.9534   20.8321    0.8982   21.5435    0.0000    0.0000    0.0059
   -0.3907  -56.2899   -0.9682  114.3869    0.0000    0.0000   -0.0072
   -0.4460  150.8032    0.2044  -45.1984    0.0000    0.0000   -0.0039
   -0.6222  -97.2953   -0.3808   59.3320    0.0000    0.0000    0.0027
    0.2155 -118.1286    0.8823 -114.8173    0.0000    0.0000   -0.0078
   -0.2748  164.4682    0.1139  114.8864    0.0000    0.0000    0.0081
   -0.3230  131.5810   -0.0646  -59.4752    0.0000    0.0000   -0.0007
   -0.4738   31.3606    0.5968  -61.8806    0.0000    0.0000    0.0000
    0.8759   19.0392   -0.1114   11.2371    0.0000    0.0000    0.0079
    0.4982   77.8660   -0.7832 -123.5555    0.0000    0.0000   -0.0012
    0.4911   56.5983    0.1870   52.2831    0.0000    0.0000    0.0051
    0.4101 -153.2372    0.4803  -66.6457    0.0000    0.0000    0.0092
    0.2931   34.1571    0.6932 -108.0048    0.0000    0.0000    0.0078
   -0.3789  -41.6939   -0.0394 -109.4957    0.0000    0.0000    0.0031
    0.9621 -154.0558   -0.5753  -20.9019    0.0000    0.0000    0.0017
   -0.7861 -110.6823   -0.3679  -79.7009    0.0000    0.0000   -0.0053
    0.5139  156.7130    0.7993  -41.8760    0.0000    0.0000    0.0030
    0.3121 -151.1311    0.3939  -29.0648    0.0000    0.0000   -0.0037
    0.3131 -155.4607    0.8359    0.8885    0.0000    0.0000   -0.0069
    0.6120  106.6687    0.0688  -59.8423    0.0000    0.0000    0.0085
   -0.6185  -79.1087    0.9391  -27.1215    0.0000    0.0000    0.0039
    0.1132    3.4269    0.7343  104.3397    0.0000    0.0000    0.0045
   -0.7993   44.0654    0.3727  139.9986    0.0000    0.0000    0.0096
   -0.3320   53.0598   -0.9289 -131.3347    0.0000    0.0000   -0.0090
   -0.2940   63.7523   -0.8100  -64.1315    0.0000    0.0000   -0.0062
   -0.4959 -143.8375   -0.9912   80.2063    0.0000    0.0000   -0.0027
    0.8542  162.2555    0.2611  111.0639    0.0000    0.0000   -0.0024
   -0.3535  -15.8937    0.7809  -86.6958    0.0000    0.0000   -0.0035
    0.2317  -71.1595    0.9110  -55.3770    0.0000    0.0000   -0.0042
    0.8711   46.3163    0.8935  131.9053    0.0000    0.0000    0.0033
    0.9980  -59.8024   -0.2906 -113.6705    0.0000    0.0000    0.0019
    0.0907  -52.3318    0.3440   13.9355    0.0000    0.0000   -0.0073
   -0.9295   -7.8688   -0.7805   46.4232    0.0000    0.0000   -0.0025
   -0.0198  166.2694    0.6535  -33.4448    0.0000    0.0000   -0.0064
   -0.6947  168.7848   -0.0598 -109.7146    0.0000    0.0000   -0.0040
    0.5216 -155.1390    0.8698   58.1197    0.0000    0.0000   -0.0097
    0.2041   70.2393   -0.3222  127.8833    0.0000    0.0000    0.0060
    0.8680    0.7088   -0.7066   29.6793    0.0000    0.0000   -0.0090
   -0.4415   48.0221    0.0574  -31.0820    0.0000    0.0000   -0.0039
    0.8044  128.8969   -0.4079   64.1174    0.0000    0.0000   -0.0048
   -0.0491  129.7621   -0.4878  124.7606    0.0000    0.0000    0.0098
    0.1095   70.1703   -0.9330   -2.9078    0.0000    0.0000   -0.0017
   -0.9034 -138.8348   -0.7589  -31.5745    0.0000    0.0000   -0.0090
    0.8423  -60.7874    0.1009 -120.9984    0.0000    0.0000    0.0085
    0.2047  -51.9861    0.1369 -103.3092    0.0000    0.0000    0.0047
    0.7510 -158.6908    0.2304  -91.9639    0.0000    0.0000    0.0052
    0.7497   49.9880    0.2878 -103.3333    0.0000    0.0000    0.0019
    0.2674   63.1354   -0.4020   46.8291    0.0000    0.0000   -0.0065
    0.4259   73.2941   -0.4661   93.3725    0.0000    0.0000   -0.0079
   -0.3693   86.5753   -0.1520  102.4328    0.0000    0.0000    0.0064
   -0.2975  -10.8259   -0.6608  117.5108    0.0000    0.0000    0.0020
    0.8114  100.3587    0.2649    5.8490    0.0000    0.0000    0.0093
   -0.2106  -35.4439    0.2275 -129.1864    0.0000    0.0000    0.0005
   -0.5873   58.5963   -0.5752    1.4925    0.0000    0.0000   -0.0032
   -0.2246  -95.7903   -0.8897   43.3091    0.0000    0.0000   -0.0090
   -0.6841  159.8114    0.6127   22.9551    0.0000    0.0000    0.0067
    0.2577  147.2919   -0.3920   83.5693    0.0000    0.0000    0.0071
    0.8064   69.4109    0.2961    9.9908    0.0000    0.0000   -0.0055
    0.2296  146.3343    0.2416  -76.0062    0.0000    0.0000    0.0094
   -0.7050  -22.1342    0.2827  -39.2290    0.0000    0.0000    0.0088
    0.9619   84.1848   -0.6830 -129.8904    0.0000    0.0000   -0.0020
   -0.5795 -104.0162   -0.2554 -135.3518    0.0000    0.0000    0.0055
   -0.5836   49.4587    0.4185    3.4161    0.0000    0.0000   -0.0011
    0.1243  -28.7565   -0.7038  -81.1377    0.0000    0.0000    0.0090
   -0.2538  110.5062    0.7630  138.2946    0.0000    0.0000   -0.0089
    0.7010 -121.9214   -0.0231   -2.2763    0.0000    0.0000    0.0000
   -0.1426   -9.2425   -0.5022   24.4132    0.0000    0.0000    0.0002
    0.3024  101.1230    0.4060 -133.4213    0.0000    0.0000    0.0063
   -0.0419  -91.2316   -0.0810  -87.2738    0.0000    0.0000    0.0049
    0.8068   85.1579   -0.6814 -125.5816    0.0000    0.0000    0.0092
   -0.7792  -25.6322    0.5714  137.7310    0.0000    0.0000   -0.0016
    0.6785  116.4193    0.1199  -48.2330    0.0000    0.0000   -0.0033
   -0.8775   87.1882    0.6142  -53.1610    0.0000    0.0000   -0.0031
   -0.3680  156.8500   -0.7179 -134.6774    0.0000    0.0000    0.0097
    0.9101   -0.6619   -0.5670  -23.9245    0.0000    0.0000    0.0037
    0.9207  -61.8896   -0.1263 -106.4959    0.0000    0.0000   -0.0026
   -0.2050  -91.7811    0.5882  -88.6990    0.0000    0.0000   -0.0056
   -0.5748 -162.3533   -0.8713   76.3073    0.0000    0.0000   -0.0030
   -0.2027  113.4781   -0.7867  -82.3934    0.0000    0.0000   -0.0071
   -0.0994    7.3969   -0.7896   25.5746    0.0000    0.0000    0.0008
   -0.8199   15.7778   -0.9224  -54.1711    0.0000    0.0000    0.0092
    0.4504  -79.2557   -0.4421  -94.6386    0.0000    0.0000   -0.0023
    0.2968   20.2360    0.2332  -16.1069    0.0000    0.0000    0.0049
    0.6771   52.7249    0.5305  112.8182    0.0000    0.0000   -0.0014
   -0.7691  -67.4683   -0.4773  -77.8062    0.0000    0.0000    0.0001
   -0.1895   58.6200   -0.9419    2.9340    0.0000    0.0000   -0.0047
    0.1396   34.1767    0.6203   30.4193    0.0000    0.0000    0.0081
    0.5422  -56.5012   -0.6521 -125.9865    0.0000    0.0000   -0.0001
    0.1210   67.4719   -0.8893  -90.4099    0.0000    0.0000   -0.0072
    0.5962 -164.6730    0.5920   17.7250    0.0000    0.0000    0.0084
   -0.5528   60.7779   -0.5597   -4.2131    0.0000    0.0000    0.0080
    0.4549  132.6714    0.1466   71.8233    0.0000    0.0000   -0.0020
    0.6741  -59.0465   -0.9976   41.2148    0.0000    0.0000    0.0087
    0.8165  -27.7741   -0.4624 -116.9822    0.0000    0.0000   -0.0006
    0.5292   48.5200   -0.6664   89.5892    0.0000    0.0000    0.0064
   -0.3845   40.1334    0.6710 -110.9573    0.0000    0.0000   -0.0064
    0.5081  -58.7116    0.7202  132.7827    0.0000    0.0000    0.0062
    0.5220   68.5708    0.4050  -46.4040    0.0000    0.0000   -0.0008
   -0.7937 -111.7539    0.5690 -110.7738    0.0000    0.0000    0.0064
    0.4390 -165.7027   -0.5264  136.7221    0.0000    0.0000   -0.0081
    0.4104   85.9902    0.4751  104.1559    0.0000    0.0000    0.0015
    0.1147 -108.8972   -0.6182  -30.0031    0.0000    0.0000   -0.0043
   -0.2555 -120.0484    0.2215  -74.9399    0.0000    0.0000   -0.0076
   -0.1539  167.7349    0.6456 -104.8568    0.0000    0.0000   -0.0034
   -0.4380  -92.2480   -0.0022 -121.6504    0.0000    0.0000   -0.0033
   -0.3651   96.9113   -0.3086   15.1894    0.0000    0.0000    0.0055
   -0.1189  -81.7949    0.0525  -90.1325    0.0000    0.0000   -0.0074
   -0.8018   80.0575   -0.3777  -58.7928    0.0000    0.0000   -0.0074
    0.1891   55.1759   -0.4495  -82.5100    0.0000    0.0000    0.0079
   -0.2073   43.6392    0.7760  -78.6282    0.0000    0.0000    0.0051
   -0.5688    0.0662    0.9651   60.0623    0.0000    0.0000    0.0013
   -0.3688 -159.1415   -0.2985   45.1658    0.0000    0.0000    0.0017
   -0.7518 -135.3699    0.6912   42.0915    0.0000    0.0000   -0.0044
    0.9540   84.8094   -0.9692  -59.3181    0.0000    0.0000   -0.0092
   -0.7126  130.1228    0.4035  -22.6940    0.0000    0.0000   -0.0082
    0.1928  107.2074    0.4328   -4.3780    0.0000    0.0000   -0.0093
   -0.0595   67.9834    0.0694  -13.2182    0.0000    0.0000   -0.0017
   -0.7992   91.2554   -0.1072  -13.6678    0.0000    0.0000   -0.0014
   -0.9348   25.5934    0.0631  105.8938    0.0000    0.0000   -0.0055
    0.6230  120.7734    0.9501   91.5388    0.0000    0.0000   -0.0071
   -0.9710  160.0205   -0.9478   60.5509    0.0000    0.0000   -0.0022
   -0.7718  -63.7024   -0.5902   92.5403    0.0000    0.0000    0.0059
   -0.5212  -67.7453   -0.0061   76.7511    0.0000    0.0000    0.0051
    0.8228  127.3421    0.0439  -39.8129    0.0000    0.0000   -0.0035
    0.9033  -37.2667    0.8020   -4.7034    0.0000    0.0000   -0.0046
   -0.7468  -69.7980   -0.7524 -111.5412    0.0000    0.0000   -0.0076
   -0.4657 -130.5109   -0.8154  -57.8914    0.0000    0.0000    0.0066
   -0.0362  -31.4975   -0.7099   52.3031    0.0000    0.0000   -0.0052
    0.8841  144.9121    0.0772  -17.0806    0.0000    0.0000    0.0040
   -0.4157  -50.8597    0.1497   87.9457    0.0000    0.0000    0.0042
    0.8012   90.3503   -0.8028   84.4416    0.0000    0.0000   -0.0050
   -0.2656  145.5796    0.0873   -2.5200    0.0000    0.0000   -0.0094
    0.3306   87.7763   -0.7081   72.1197    0.0000    0.0000   -0.0090
    0.9567  -88.5859   -0.0825 -105.4497    0.0000    0.0000    0.0085
    0.3933 -147.7518    0.7049  -74.1319    0.0000    0.0000    0.0001
    0.1056    9.3144    0.7097 -104.2596    0.0000    0.0000   -0.0032
    0.1261 -160.4035   -0.7856   45.2721    0.0000    0.0000    0.0066
   -0.2877 -160.1786    0.5160  111.9474    0.0000    0.0000    0.0004
    0.5756   22.1334   -0.4439  121.4499    0.0000    0.0000   -0.0035
   -0.3411  140.1160    0.1242   80.7056    0.0000    0.0000   -0.0093
   -0.0233   -5.1453   -0.7981  -44.5665    0.0000    0.0000    0.0044
    0.2107  133.8306   -0.5050  -11.1396    0.0000    0.0000   -0.0096
    0.1780 -162.0827   -0.9010   54.9404    0.0000    0.0000    0.0037
    0.7586 -152.1916    0.4277   38.4352    0.0000    0.0000    0.0090
   -0.5325  -25.4796    0.0346    3.3033    0.0000    0.0000   -0.0028
    0.6799  116.0286   -0.4582  -27.4180    0.0000    0.0000    0.0026
   -0.3872  132.7531   -0.7713  -25.9418    0.0000    0.0000   -0.0054
    0.6689 -165.6752   -0.7502 -117.0467    0.0000    0.0000   -0.0005
   -0.7077   58.1292   -0.0076  -85.2163    0.0000    0.0000   -0.0027
   -0.6376 -144.5180   -0.1609  110.6148    0.0000    0.0000    0.0042
   -0.2565 -126.2086   -0.7254  108.9309    0.0000    0.0000    0.0028
   -0.0078   77.8585   -0.0363   74.7602    0.0000    0.0000   -0.0074
   -0.7773 -145.0387   -0.9570  -76.8006    0.0000    0.0000   -0.0004
   -0.4944 -149.5377   -0.0130  -34.2405    0.0000    0.0000   -0.0072
    0.9328    8.1191    0.6263  -10.4597    0.0000    0.0000    0.0044
   -0.6394   48.9049    0.5890   27.9645    0.0000    0.0000    0.0008
    0.0134  160.3522    0.3354   40.3128    0.0000    0.0000    0.0072
   -0.3834 -122.3797    0.1793   81.2394    0.0000    0.0000    0.0081
    0.4415  136.5070    0.9610   67.8320    0.0000    0.0000   -0.0075
   -0.0775  168.3224   -0.6252  127.3240    0.0000    0.0000   -0.0025
   -0.3409  143.1911    0.7933 -100.0514    0.0000    0.0000   -0.0023
    0.2324  -60.1850   -0.9447  -25.0104    0.0000    0.0000    0.0085
    0.1330  141.9079    0.7890  -74.4206    0.0000    0.0000    0.0012
    0.5103   14.4489    0.4028  -43.4546    0.0000    0.0000   -0.0033
    0.2169 -147.7171   -0.5317   24.9049    0.0000    0.0000    0.0062
   -0.2773 -152.9359    0.6057   13.6412    0.0000    0.0000   -0.0099
   -0.6487  128.6099    0.8521 -119.7568    0.0000    0.0000   -0.0096
   -0.3803   64.0870   -0.3122  -45.5019    0.0000    0.0000   -0.0080
   -0.4664  137.3655   -0.9669  -94.8460    0.0000    0.0000   -0.0072
    0.1558  141.5795    0.3614  -61.7946    0.0000    0.0000   -0.0048
   -0.9733  131.8436   -0.3465  -70.7026    0.0000    0.0000   -0.0005
   -0.7309   36.9997    0.0538  122.4745    0.0000    0.0000   -0.0068
    0.0637 -131.5637   -0.9284  -11.7897    0.0000    0.0000   -0.0063
   -0.8865   91.0368    0.7477  -27.8132    0.0000    0.0000   -0.0079
    0.9460   56.9326   -0.9815  137.0737    0.0000    0.0000    0.0066
   -0.7050   22.9309    0.4902   91.9010    0.0000    0.0000    0.0069
   -0.9873  116.1372    0.4690  -46.7345    0.0000    0.0000   -0.0082
   -0.5775  -11.0027    0.3958   66.6837    0.0000    0.0000   -0.0019
    0.7109  -78.2058    0.0362  109.5474    0.0000    0.0000    0.0046
    0.4069  152.3148   -0.0087   21.6376    0.0000    0.0000   -0.0030
    0.2018   17.0958   -0.9678   30.8407    0.0000    0.0000    0.0008
    0.6896   87.5970   -0.7855   25.1823    0.0000    0.0000    0.0017
    0.9080   32.7335   -0.1451   52.7935    0.0000    0.0000    0.0086
    0.0330  135.9301   -0.2060  -79.9678    0.0000    0.0000    0.0028
    0.6041 -146.2559    0.8159  -50.3582    0.0000    0.0000    0.0092
    0.2716 -161.9793    0.8181 -103.1960    0.0000    0.0000    0.0020
   -0.4846   78.9899   -0.6977  -63.3322    0.0000    0.0000   -0.0032
    0.3820 -129.6668   -0.7998   83.5112    0.0000    0.0000    0.0042
    0.3719   85.7746   -0.3903 -108.2483    0.0000    0.0000   -0.0012
   -0.5316   44.1681   -0.3188   36.7389    0.0000    0.0000    0.0069
    0.9571  -22.6904    0.8283  108.2215    0.0000    0.0000    0.0051
    0.7504    7.5875    0.5540   79.5985    0.0000    0.0000    0.0031
   -0.2443 -155.7223   -0.2278    8.1255    0.0000    0.0000   -0.0037
    0.4571  -95.2002   -0.1311   92.0240    0.0000    0.0000   -0.0096
   -0.7140    4.9708    0.5411  -14.6056    0.0000    0.0000    0.0026
   -0.5773   61.8944   -0.4841   14.5541    0.0000    0.0000   -0.0037
   -0.7955   10.3872    0.4930 -135.4151    0.0000    0.0000   -0.0017
   -0.0001  133.1419    0.8787  -62.4590    0.0000    0.0000    0.0035
    0.1863   52.6329    0.4357  134.1796    0.0000    0.0000   -0.0063
   -0.9327   70.6395   -0.1924   -8.9297    0.0000    0.0000    0.0007
   -0.1558   37.7761   -0.8979  -86.0701    0.0000    0.0000   -0.0088
    0.3581  -32.6519    0.4820  122.3557    0.0000    0.0000    0.0091
   -0.8915 -156.6664   -0.0270   84.2112    0.0000    0.0000   -0.0089
    0.8071  -67.7676    0.8944   96.0185    0.0000    0.0000    0.0016
    0.2461  -21.7417   -0.5352  -44.5405    0.0000    0.0000   -0.0017
   -0.1675  -42.6357   -0.7539   89.6174    0.0000    0.0000    0.0069
    0.3189  -87.6733   -0.0924   58.9374    0.0000    0.0000   -0.0013
    0.0255  -37.5530    0.6774  -68.9519    0.0000    0.0000   -0.0035
    0.5893  -65.2863   -0.2685  -61.2785    0.0000    0.0000   -0.0078
   -0.1573 -107.2023   -0.1812  -36.8122    0.0000    0.0000   -0.0094
    0.9741  167.1396   -0.0726  -78.5531    0.0000    0.0000   -0.0033
    0.7579   46.1359    0.4142 -139.4476    0.0000    0.0000   -0.0009
    0.0996   54.8840    0.3958 -138.9812    0.0000    0.0000   -0.0026
   -0.7347    5.5748    0.5229  131.9771    0.0000    0.0000    0.0054
   -0.8240   90.4401   -0.8438  -12.9500    0.0000    0.0000   -0.0091
   -0.6263  127.5315   -0.5363   26.9573    0.0000    0.0000   -0.0051
   -0.4811   28.3257   -0.5296   62.4809    0.0000    0.0000    0.0061
    0.1354   34.7103   -0.1231  -63.0460    0.0000    0.0000    0.0021
    0.7884  110.3841   -0.4690   25.7902    0.0000    0.0000    0.0066
    0.2748   76.4135   -0.3106  -28.3180    0.0000    0.0000    0.0039
   -0.7703   -4.4664   -0.0758  -85.9726    0.0000    0.0000    0.0088
    0.0185  -40.8639    0.6314   67.5049    0.0000    0.0000    0.0095
   -0.8813 -169.8100    0.1188  -57.5305    0.0000    0.0000    0.0045
   -0.2757  123.1668   -0.3484   84.1741    0.0000    0.0000   -0.0073
    0.8597   66.2443    0.9235  -85.3042    0.0000    0.0000   -0.0043
    0.5801  113.1323   -0.9766 -102.2724    0.0000    0.0000   -0.0054
    0.4156  -85.1443    0.4369  -92.4351    0.0000    0.0000   -0.0011
    0.3182   60.8994    0.6447   -7.0589    0.0000    0.0000   -0.0016
    0.5969   11.5996   -0.1585  -39.8076    0.0000    0.0000    0.0066
   -0.7111   74.7977    0.3818   -8.3264    0.0000    0.0000    0.0004
    0.6560  -33.9594   -0.5691   81.1290    0.0000    0.0000    0.0019
    0.0048   27.1300   -0.1436    3.9438    0.0000    0.0000    0.0043
    0.3196  -94.5651    0.9282  -34.0816    0.0000    0.0000   -0.0022
   -0.1867 -157.2965   -0.8583  -75.8844    0.0000    0.0000    0.0002
   -0.0179 -160.6789   -0.9075  115.3114    0.0000    0.0000   -0.0023
    0.7498 -150.8596   -0.7895   18.4311    0.0000    0.0000    0.0005
    0.2517  -36.1006    0.8534   95.5653    0.0000    0.0000   -0.0063
    0.0443  -53.1420    0.5267  126.0959    0.0000    0.0000    0.0072
   -0.0442   37.4519   -0.8407  -16.2373    0.0000    0.0000    0.0098
   -0.0572  118.5414   -0.9484   11.8306    0.0000    0.0000   -0.0084
    0.0759 -158.6729   -0.7899   23.5811    0.0000    0.0000    0.0089
   -0.0194  -13.8931   -0.9971   26.7493    0.0000    0.0000   -0.0095
    0.0560  -94.7286   -0.1624  -12.6917    0.0000    0.0000   -0.0087
    0.2047  162.1160   -0.1872  -37.5994    0.0000    0.0000    0.0085
   -0.4716  116.8290    0.0746  -43.7280    0.0000    0.0000   -0.0043
    0.0515  107.1757   -0.7314   14.4299    0.0000    0.0000   -0.0029
   -0.5762 -139.5753   -0.2184  -51.2509    0.0000    0.0000    0.0035
   -0.3281  104.4672   -0.7343  -45.5370    0.0000    0.0000   -0.0019

