 Charge state    Percentage
----------------------------
      0            1.2e-51
      1            1.86e-47
      2            1.93e-43
      3            1.33e-39
      4            6.13e-36
      5            1.88e-32
      6            3.86e-29
      7            5.28e-26
      8            4.82e-23
      9            2.94e-20
      10            1.2e-17
      11            3.26e-15
      12            5.93e-13
      13            7.21e-11
      14            5.88e-09
      15            3.21e-07
      16            1.17e-05
      17            0.000289
      18            0.00476
      19            0.0527
      20            0.393
      21            1.97
      22            6.67
      23            15.2
      24            23.4
      25            24.2
      26            16.9
      27            7.99
      28            2.54
      29            0.545
      30            0.0786
      31            0.00762
      32            0.000497
      33            2.18e-05
      34            6.41e-07
      35            1.26e-08
      36            1.67e-10
      37            1.48e-12
