 Calculated Q1 fields along optical axis: zoptical=(cm) yfield=(T) 
radius(cm)	2
Maxfield(T)	0.752567
5e-05	0
0.0202635	0
0.0404769	0
0.0606904	0
0.0809039	0
0.101117	0
0.121331	0
0.141544	0
0.161758	0
0.181971	0
0.202185	0
0.222398	0
0.242612	0
0.262825	0
0.283039	0
0.303252	0
0.323466	0
0.343679	0
0.363893	0
0.384106	0
0.404319	0
0.424533	0
0.444746	0
0.46496	0
0.485173	0
0.505387	0
0.5256	0
0.545814	0
0.566027	0
0.586241	0
0.606454	0
0.626668	0
0.646881	0
0.667095	0
0.687308	0
0.707522	0
0.727735	0
0.747949	0
0.768162	0
0.788376	0
0.808589	0
0.828802	0
0.849016	0
0.869229	0
0.889443	0
0.909656	0
0.92987	0
0.950083	0
0.970297	0
0.99051	0
1.01072	0
1.03094	0
1.05115	0
1.07136	0
1.09158	0
1.11179	0
1.132	0
1.15222	0
1.17243	0
1.19265	0
1.21286	0
1.23307	0
1.25329	0
1.2735	0
1.29371	0
1.31393	0
1.33414	0
1.35435	0
1.37457	0
1.39478	0
1.41499	0
1.43521	0
1.45542	0
1.47563	0
1.49585	0
1.51606	0
1.53627	0
1.55649	0
1.5767	0
1.59691	0
1.61713	0
1.63734	0
1.65755	0
1.67777	0
1.69798	0
1.7182	0
1.73841	0
1.75862	0
1.77884	0
1.79905	0
1.81926	0
1.83948	0
1.85969	0
1.8799	0
1.90012	0
1.92033	0
1.94054	0
1.96076	0
1.98097	0
2.00118	0
2.0214	0
2.04161	0
2.06182	0
2.08204	0
2.10225	0
2.12246	0
2.14268	0
2.16289	0
2.18311	0
2.20332	0
2.22353	0
2.24375	0
2.26396	0
2.28417	0
2.30439	0
2.3246	0
2.34481	0
2.36503	0
2.38524	0
2.40545	0
2.42567	0
2.44588	0
2.46609	0
2.48631	0
2.50652	0
2.52673	0
2.54695	0
2.56716	0
2.58737	0
2.60759	0
2.6278	0
2.64802	0
2.66823	0
2.68844	0
2.70866	0
2.72887	0
2.74908	0
2.7693	0
2.78951	0
2.80972	0
2.82994	0
2.85015	0
2.87036	0
2.89058	0
2.91079	0
2.931	0
2.95122	0
2.97143	0
2.99164	0
3.01186	0
3.03207	0
3.05228	0
3.0725	0
3.09271	0
3.11293	0
3.13314	0
3.15335	0
3.17357	0
3.19378	0
3.21399	0
3.23421	0
3.25442	0
3.27463	0
3.29485	0
3.31506	0
3.33527	0
3.35549	0
3.3757	0
3.39591	0
3.41613	0
3.43634	0
3.45655	0
3.47677	0
3.49698	0
3.51719	0
3.53741	0
3.55762	0
3.57784	0
3.59805	0
3.61826	0
3.63848	0
3.65869	0
3.6789	0
3.69912	0
3.71933	0
3.73954	0
3.75976	0
3.77997	0
3.80018	0
3.8204	0
3.84061	0
3.86082	0
3.88104	0
3.90125	0
3.92146	0
3.94168	0
3.96189	0
3.9821	0
4.00232	0
4.02253	0
4.04274	0
4.06296	0
4.08317	0
4.10339	0
4.1236	0
4.14381	0
4.16403	0
4.18424	0
4.20445	0
4.22467	0
4.24488	0
4.26509	0
4.28531	0
4.30552	0
4.32573	0
4.34595	0
4.36616	0
4.38637	0
4.40659	0
4.4268	0
4.44701	0
4.46723	0
4.48744	0
4.50765	0
4.52787	0
4.54808	0
4.5683	0
4.58851	0
4.60872	0
4.62894	0
4.64915	0
4.66936	0
4.68958	0
4.70979	6.45456e-23
4.73	6.29618e-23
4.75022	6.14154e-23
4.77043	5.99055e-23
4.79064	5.84313e-23
4.81086	5.6992e-23
4.83107	5.55868e-23
4.85128	5.42149e-23
4.8715	5.28756e-23
4.89171	5.15681e-23
4.91192	5.02917e-23
4.93214	4.90457e-23
4.95235	4.78293e-23
4.97256	4.6642e-23
4.99278	4.5483e-23
5.01299	4.43518e-23
5.03321	4.32475e-23
5.05342	4.21698e-23
5.07363	4.11178e-23
5.09385	4.00911e-23
5.11406	3.9089e-23
5.13427	3.81111e-23
5.15449	3.71566e-23
5.1747	3.62252e-23
5.19491	3.53162e-23
5.21513	3.44291e-23
5.23534	3.35635e-23
5.25555	3.27188e-23
5.27577	3.18946e-23
5.29598	3.10903e-23
5.31619	3.03055e-23
5.33641	2.95398e-23
5.35662	2.87927e-23
5.37683	2.80637e-23
5.39705	2.73525e-23
5.41726	2.66587e-23
5.43747	2.59817e-23
5.45769	2.53213e-23
5.4779	2.46771e-23
5.49812	2.40486e-23
5.51833	2.34355e-23
5.53854	2.28374e-23
5.55876	2.22541e-23
5.57897	2.1685e-23
5.59918	2.113e-23
5.6194	2.05886e-23
5.63961	2.00605e-23
5.65982	1.95455e-23
5.68004	1.90432e-23
5.70025	1.85533e-23
5.72046	1.80755e-23
5.74068	1.76096e-23
5.76089	1.71552e-23
5.7811	1.67121e-23
5.80132	1.628e-23
5.82153	1.58586e-23
5.84174	1.54477e-23
5.86196	1.50471e-23
5.88217	1.46565e-23
5.90238	1.42756e-23
5.9226	1.39042e-23
5.94281	1.35422e-23
5.96303	1.31892e-23
5.98324	1.2845e-23
6.00345	1.25095e-23
6.02367	1.21824e-23
6.04388	1.18635e-23
6.06409	1.15527e-23
6.08431	1.12497e-23
6.10452	1.09543e-23
6.12473	1.06664e-23
6.14495	1.03858e-23
6.16516	1.01123e-23
6.18537	9.8457e-24
6.20559	9.58586e-24
6.2258	9.33262e-24
6.24601	9.08582e-24
6.26623	8.84529e-24
6.28644	8.61088e-24
6.30665	8.38245e-24
6.32687	8.15985e-24
6.34708	7.94294e-24
6.36729	7.73157e-24
6.38751	7.52561e-24
6.40772	7.32492e-24
6.42794	7.12939e-24
6.44815	6.93887e-24
6.46836	6.75325e-24
6.48858	6.57241e-24
6.50879	6.39622e-24
6.529	6.22457e-24
6.54922	6.05736e-24
6.56943	5.89447e-24
6.58964	5.73579e-24
6.60986	5.58121e-24
6.63007	5.43065e-24
6.65028	5.28399e-24
6.6705	5.14114e-24
6.69071	5.002e-24
6.71092	4.86648e-24
6.73114	4.7345e-24
6.75135	4.60596e-24
6.77156	4.48077e-24
6.79178	4.35886e-24
6.81199	4.24014e-24
6.8322	4.12452e-24
6.85242	4.01194e-24
6.87263	3.90232e-24
6.89284	3.79557e-24
6.91306	3.69163e-24
6.93327	3.59043e-24
6.95349	3.4919e-24
6.9737	3.39597e-24
6.99391	3.30257e-24
7.01413	3.21165e-24
7.03434	3.12313e-24
7.05455	3.03696e-24
7.07477	2.95307e-24
7.09498	2.87141e-24
7.11519	2.79193e-24
7.13541	2.71456e-24
7.15562	2.63925e-24
7.17583	2.56595e-24
7.19605	2.49461e-24
7.21626	2.42517e-24
7.23647	2.3576e-24
7.25669	2.29183e-24
7.2769	2.22783e-24
7.29711	2.16555e-24
7.31733	2.10494e-24
7.33754	2.04596e-24
7.35775	1.98858e-24
7.37797	1.93274e-24
7.39818	1.8784e-24
7.4184	1.82554e-24
7.43861	1.77411e-24
7.45882	1.72407e-24
7.47904	1.67539e-24
7.49925	1.62803e-24
7.51946	1.58195e-24
7.53968	1.53713e-24
7.55989	1.49354e-24
7.5801	1.45113e-24
7.60032	1.40987e-24
7.62053	1.36975e-24
7.64074	1.33072e-24
7.66096	1.29277e-24
7.68117	1.25585e-24
7.70138	1.21995e-24
7.7216	1.18503e-24
7.74181	1.15108e-24
7.76202	1.11806e-24
7.78224	1.08595e-24
7.80245	1.05473e-24
7.82266	1.02437e-24
7.84288	9.94853e-25
7.86309	9.66152e-25
7.88331	9.38247e-25
7.90352	9.11117e-25
7.92373	8.84741e-25
7.94395	8.59099e-25
7.96416	8.34172e-25
7.98437	8.0994e-25
8.00459	7.86384e-25
8.0248	7.63488e-25
8.04501	7.41232e-25
8.06523	7.196e-25
8.08544	6.98574e-25
8.10565	6.78139e-25
8.12587	6.58279e-25
8.14608	6.38978e-25
8.16629	6.20221e-25
8.18651	6.01994e-25
8.20672	5.84281e-25
8.22693	5.67069e-25
8.24715	5.50344e-25
8.26736	5.34094e-25
8.28757	5.18305e-25
8.30779	5.02964e-25
8.328	4.8806e-25
8.34822	4.7358e-25
8.36843	4.59513e-25
8.38864	4.45848e-25
8.40886	4.32574e-25
8.42907	4.19679e-25
8.44928	4.07153e-25
8.4695	3.94987e-25
8.48971	3.8317e-25
8.50992	3.71693e-25
8.53014	3.60547e-25
8.55035	3.49721e-25
8.57056	3.39208e-25
8.59078	3.28999e-25
8.61099	3.19085e-25
8.6312	3.09458e-25
8.65142	3.0011e-25
8.67163	2.91033e-25
8.69184	2.8222e-25
8.71206	2.73664e-25
8.73227	2.65356e-25
8.75248	2.57291e-25
8.7727	2.49462e-25
8.79291	2.41861e-25
8.81313	2.34483e-25
8.83334	2.27322e-25
8.85355	2.2037e-25
8.87377	2.13622e-25
8.89398	2.07073e-25
8.91419	2.00717e-25
8.93441	1.94548e-25
8.95462	1.88562e-25
8.97483	1.82752e-25
8.99505	1.77114e-25
9.01526	1.71644e-25
9.03547	1.66335e-25
9.05569	1.61184e-25
9.0759	1.56187e-25
9.09611	1.51338e-25
9.11633	1.46634e-25
9.13654	1.4207e-25
9.15675	1.37643e-25
9.17697	1.33348e-25
9.19718	1.29182e-25
9.21739	1.25141e-25
9.23761	1.21221e-25
9.25782	1.17419e-25
9.27804	1.13731e-25
9.29825	1.10155e-25
9.31846	1.06687e-25
9.33868	1.03323e-25
9.35889	1.00062e-25
9.3791	9.68988e-26
9.39932	9.38319e-26
9.41953	9.08582e-26
9.43974	8.7975e-26
9.45996	8.51795e-26
9.48017	8.24694e-26
9.50038	7.9842e-26
9.5206	7.72949e-26
9.54081	7.48258e-26
9.56102	7.24324e-26
9.58124	7.01124e-26
9.60145	6.78638e-26
9.62166	6.56843e-26
9.64188	6.3572e-26
9.66209	6.15249e-26
9.6823	5.9541e-26
9.70252	5.76185e-26
9.72273	5.57556e-26
9.74294	5.39504e-26
9.76316	5.22013e-26
9.78337	5.05065e-26
9.80359	4.88646e-26
9.8238	4.72738e-26
9.84401	4.57327e-26
9.86423	4.42398e-26
9.88444	4.27936e-26
9.90465	4.13928e-26
9.92487	4.00359e-26
9.94508	3.87217e-26
9.96529	5.06804e-26
9.98551	7.28606e-26
10.0057	1.04525e-25
10.0259	1.49632e-25
10.0461	2.13753e-25
10.0664	3.04709e-25
10.0866	4.33459e-25
10.1068	6.15323e-25
10.127	8.71676e-25
10.1472	1.23228e-24
10.1674	1.73846e-24
10.1876	2.44754e-24
10.2079	3.43879e-24
10.2281	4.82167e-24
10.2483	6.74696e-24
10.2685	9.42197e-24
10.2887	1.31311e-23
10.3089	1.82638e-23
10.3291	2.5352e-23
10.3493	3.51215e-23
10.3696	4.85593e-23
10.3898	6.70065e-23
10.41	9.22803e-23
10.4302	1.26839e-22
10.4504	1.74001e-22
10.4706	2.38236e-22
10.4908	3.25556e-22
10.5111	4.44026e-22
10.5313	6.0445e-22
10.5515	8.21268e-22
10.5717	1.11374e-21
10.5919	1.50752e-21
10.6121	2.0367e-21
10.6323	2.74646e-21
10.6526	3.69667e-21
10.6728	4.96639e-21
10.693	6.65988e-21
10.7132	8.91439e-21
10.7334	1.19102e-20
10.7536	1.58838e-20
10.7738	2.11445e-20
10.794	2.80967e-20
10.8143	3.72673e-20
10.8345	4.93424e-20
10.8547	6.52131e-20
10.8749	8.60352e-20
10.8951	1.13304e-19
10.9153	1.48953e-19
10.9355	1.95473e-19
10.9558	2.56073e-19
10.976	3.34875e-19
10.9962	4.37167e-19
11.0164	5.69718e-19
11.0366	7.41182e-19
11.0568	9.62596e-19
11.077	1.24802e-18
11.0972	1.61532e-18
11.1175	2.08719e-18
11.1377	2.69234e-18
11.1579	3.46713e-18
11.1781	4.45742e-18
11.1983	5.72101e-18
11.2185	7.33064e-18
11.2387	9.37763e-18
11.259	1.19765e-17
11.2792	1.52706e-17
11.2994	1.94389e-17
11.3196	2.47049e-17
11.3398	3.13468e-17
11.36	3.97102e-17
11.3802	5.02244e-17
11.4004	6.34211e-17
11.4207	7.9958e-17
11.4409	1.00647e-16
11.4611	1.2649e-16
11.4813	1.58719e-16
11.5015	1.98849e-16
11.5217	2.48737e-16
11.5419	3.10659e-16
11.5622	3.87398e-16
11.5824	4.82349e-16
11.6026	5.99655e-16
11.6228	7.44352e-16
11.643	9.22562e-16
11.6632	1.14171e-15
11.6834	1.41079e-15
11.7037	1.74067e-15
11.7239	2.14448e-15
11.7441	2.63804e-15
11.7643	3.24039e-15
11.7845	3.97441e-15
11.8047	4.86754e-15
11.8249	5.95266e-15
11.8451	7.26909e-15
11.8654	8.86376e-15
11.8856	1.07927e-14
11.9058	1.31224e-14
11.926	1.59322e-14
11.9462	1.93161e-14
11.9664	2.33854e-14
11.9866	2.82719e-14
12.0069	3.41312e-14
12.0271	4.11471e-14
12.0473	4.95357e-14
12.0675	5.95515e-14
12.0877	7.14931e-14
12.1079	8.57108e-14
12.1281	1.02614e-13
12.1483	1.22684e-13
12.1686	1.46477e-13
12.1888	1.74648e-13
12.209	2.07954e-13
12.2292	2.47279e-13
12.2494	2.93644e-13
12.2696	3.48236e-13
12.2898	4.12426e-13
12.3101	4.878e-13
12.3303	5.76186e-13
12.3505	6.79689e-13
12.3707	8.00732e-13
12.3909	9.42097e-13
12.4111	1.10697e-12
12.4313	1.29902e-12
12.4516	1.52241e-12
12.4718	1.78191e-12
12.492	2.08297e-12
12.5122	2.43178e-12
12.5324	2.83538e-12
12.5526	3.30176e-12
12.5728	3.84e-12
12.593	4.46034e-12
12.6133	5.17437e-12
12.6335	5.9952e-12
12.6537	6.93757e-12
12.6739	8.01808e-12
12.6941	9.25538e-12
12.7143	1.06704e-11
12.7345	1.22866e-11
12.7548	1.41303e-11
12.775	1.62307e-11
12.7952	1.86206e-11
12.8154	2.13364e-11
12.8356	2.44187e-11
12.8558	2.79125e-11
12.876	3.18678e-11
12.8962	3.63398e-11
12.9165	4.13897e-11
12.9367	4.7085e-11
12.9569	5.35003e-11
12.9771	6.07174e-11
12.9973	6.88265e-11
13.0175	7.79264e-11
13.0377	8.81255e-11
13.058	9.95423e-11
13.0782	1.12306e-10
13.0984	1.26559e-10
13.1186	1.42454e-10
13.1388	1.60158e-10
13.159	1.79853e-10
13.1792	2.01737e-10
13.1994	2.26021e-10
13.2197	2.52935e-10
13.2399	2.82728e-10
13.2601	3.15667e-10
13.2803	3.52039e-10
13.3005	3.9215e-10
13.3207	4.36332e-10
13.3409	4.84935e-10
13.3612	5.38337e-10
13.3814	5.96937e-10
13.4016	6.61161e-10
13.4218	7.3146e-10
13.442	8.08313e-10
13.4622	8.92224e-10
13.4824	9.83725e-10
13.5027	1.08338e-09
13.5229	1.19177e-09
13.5431	1.30951e-09
13.5633	1.43725e-09
13.5835	1.57565e-09
13.6037	1.72542e-09
13.6239	1.88727e-09
13.6441	2.06195e-09
13.6644	2.25023e-09
13.6846	2.45289e-09
13.7048	2.67075e-09
13.725	2.90462e-09
13.7452	3.15534e-09
13.7654	3.42376e-09
13.7856	3.71072e-09
13.8059	4.01708e-09
13.8261	4.34369e-09
13.8463	4.69138e-09
13.8665	5.06098e-09
13.8867	5.45329e-09
13.9069	5.86909e-09
13.9271	6.30912e-09
13.9473	6.77408e-09
13.9676	7.2646e-09
13.9878	7.78127e-09
14.008	8.32461e-09
14.0282	8.89503e-09
14.0484	9.4929e-09
14.0686	1.01184e-08
14.0888	1.07717e-08
14.1091	1.14528e-08
14.1293	1.21616e-08
14.1495	1.28977e-08
14.1697	1.36606e-08
14.1899	1.44499e-08
14.2101	1.52645e-08
14.2303	1.61035e-08
14.2505	1.69656e-08
14.2708	1.78493e-08
14.291	1.8753e-08
14.3112	1.96746e-08
14.3314	2.06118e-08
14.3516	2.15622e-08
14.3718	2.25228e-08
14.392	2.34907e-08
14.4123	2.44624e-08
14.4325	2.5434e-08
14.4527	2.64017e-08
14.4729	2.7361e-08
14.4931	2.83071e-08
14.5133	2.92352e-08
14.5335	3.01399e-08
14.5538	3.10154e-08
14.574	3.1856e-08
14.5942	3.26554e-08
14.6144	3.3407e-08
14.6346	3.41042e-08
14.6548	3.474e-08
14.675	3.53072e-08
14.6952	3.57985e-08
14.7155	3.62064e-08
14.7357	3.65234e-08
14.7559	3.67419e-08
14.7761	3.68544e-08
14.7963	3.68533e-08
14.8165	3.67313e-08
14.8367	3.64814e-08
14.857	3.60965e-08
14.8772	3.55703e-08
14.8974	3.48967e-08
14.9176	3.40703e-08
14.9378	3.30861e-08
14.958	3.19403e-08
14.9782	3.06296e-08
14.9984	2.91518e-08
15.0187	2.75059e-08
15.0389	2.56922e-08
15.0591	2.37123e-08
15.0793	2.15694e-08
15.0995	1.92685e-08
15.1197	1.68163e-08
15.1399	1.42217e-08
15.1602	1.14956e-08
15.1804	8.65161e-09
15.2006	5.7056e-09
15.2208	2.67632e-09
15.241	4.14567e-10
15.2612	3.54229e-09
15.2814	6.67877e-09
15.3017	9.79242e-09
15.3219	1.2848e-08
15.3421	1.58063e-08
15.3623	1.86241e-08
15.3825	2.1254e-08
15.4027	2.36441e-08
15.4229	2.57378e-08
15.4431	2.74738e-08
15.4634	2.87858e-08
15.4836	2.96025e-08
15.5038	2.98472e-08
15.524	2.94378e-08
15.5442	2.82869e-08
15.5644	2.63012e-08
15.5846	2.33819e-08
15.6049	1.94241e-08
15.6251	1.43172e-08
15.6453	7.94491e-09
15.6655	1.84607e-10
15.6857	9.09202e-09
15.7059	2.00192e-08
15.7261	3.27372e-08
15.7463	4.73917e-08
15.7666	6.41343e-08
15.7868	8.3122e-08
15.807	1.04517e-07
15.8272	1.28488e-07
15.8474	1.55205e-07
15.8676	1.84847e-07
15.8878	2.17595e-07
15.9081	2.53633e-07
15.9283	2.93151e-07
15.9485	3.36339e-07
15.9687	3.83393e-07
15.9889	4.34508e-07
16.0091	4.89882e-07
16.0293	5.49712e-07
16.0495	6.14198e-07
16.0698	6.83537e-07
16.09	7.57925e-07
16.1102	8.37556e-07
16.1304	9.22619e-07
16.1506	1.0133e-06
16.1708	1.10978e-06
16.191	1.21224e-06
16.2113	1.32084e-06
16.2315	1.43573e-06
16.2517	1.55707e-06
16.2719	1.68499e-06
16.2921	1.81962e-06
16.3123	1.96107e-06
16.3325	2.10942e-06
16.3528	2.26475e-06
16.373	2.42713e-06
16.3932	2.59658e-06
16.4134	2.77312e-06
16.4336	2.95674e-06
16.4538	3.1474e-06
16.474	3.34504e-06
16.4942	3.54955e-06
16.5145	3.76081e-06
16.5347	3.97866e-06
16.5549	4.20289e-06
16.5751	4.43327e-06
16.5953	4.66951e-06
16.6155	4.91129e-06
16.6357	5.15824e-06
16.656	5.40993e-06
16.6762	5.66589e-06
16.6964	5.92561e-06
16.7166	6.18848e-06
16.7368	6.45388e-06
16.757	6.7211e-06
16.7772	6.98937e-06
16.7974	7.25785e-06
16.8177	7.52563e-06
16.8379	7.79174e-06
16.8581	8.0551e-06
16.8783	8.31459e-06
16.8985	8.56899e-06
16.9187	8.81698e-06
16.9389	9.05718e-06
16.9592	9.28809e-06
16.9794	9.50813e-06
16.9996	9.71562e-06
17.0198	9.90879e-06
17.04	1.00857e-05
17.0602	1.02445e-05
17.0804	1.03829e-05
17.1006	1.04987e-05
17.1209	1.05897e-05
17.1411	1.06533e-05
17.1613	1.0687e-05
17.1815	1.06881e-05
17.2017	1.06537e-05
17.2219	1.05808e-05
17.2421	1.04663e-05
17.2624	1.0307e-05
17.2826	1.00994e-05
17.3028	9.84003e-06
17.323	9.52518e-06
17.3432	9.15097e-06
17.3634	8.71339e-06
17.3836	8.20827e-06
17.4039	7.63127e-06
17.4241	6.97787e-06
17.4443	6.24341e-06
17.4645	5.42303e-06
17.4847	4.5117e-06
17.5049	3.5042e-06
17.5251	2.39515e-06
17.5453	1.17895e-06
17.5656	1.5015e-07
17.5858	1.59813e-06
17.606	3.17115e-06
17.6262	4.87557e-06
17.6464	6.71796e-06
17.6666	8.70509e-06
17.6868	1.08439e-05
17.7071	1.31417e-05
17.7273	1.56057e-05
17.7475	1.82437e-05
17.7677	2.10635e-05
17.7879	2.40731e-05
17.8081	2.72809e-05
17.8283	3.06953e-05
17.8485	3.43252e-05
17.8688	3.81794e-05
17.889	4.22674e-05
17.9092	4.65984e-05
17.9294	5.11823e-05
17.9496	5.6029e-05
17.9698	6.11486e-05
17.99	6.65518e-05
18.0103	7.22491e-05
18.0305	7.82516e-05
18.0507	8.45705e-05
18.0709	9.12172e-05
18.0911	9.82037e-05
18.1113	0.000105542
18.1315	0.000113244
18.1518	0.000121323
18.172	0.000129791
18.1922	0.000138661
18.2124	0.000147948
18.2326	0.000157664
18.2528	0.000167824
18.273	0.000178442
18.2932	0.000189532
18.3135	0.00020111
18.3337	0.00021319
18.3539	0.000225788
18.3741	0.000238919
18.3943	0.000252601
18.4145	0.000266848
18.4347	0.000281679
18.455	0.000297109
18.4752	0.000313156
18.4954	0.000329838
18.5156	0.000347173
18.5358	0.000365179
18.556	0.000383874
18.5762	0.000403278
18.5964	0.000423409
18.6167	0.000444288
18.6369	0.000465934
18.6571	0.000488368
18.6773	0.00051161
18.6975	0.000535681
18.7177	0.000560603
18.7379	0.000586397
18.7582	0.000613085
18.7784	0.00064069
18.7986	0.000669234
18.8188	0.00069874
18.839	0.000729233
18.8592	0.000760735
18.8794	0.000793272
18.8996	0.000826867
18.9199	0.000861547
18.9401	0.000897335
18.9603	0.000934258
18.9805	0.000972343
19.0007	0.00101161
19.0209	0.0010521
19.0411	0.00109383
19.0614	0.00113683
19.0816	0.00118113
19.1018	0.00122675
19.122	0.00127373
19.1422	0.0013221
19.1624	0.00137188
19.1826	0.0014231
19.2029	0.00147581
19.2231	0.00153002
19.2433	0.00158577
19.2635	0.00164309
19.2837	0.00170201
19.3039	0.00176258
19.3241	0.00182481
19.3443	0.00188875
19.3646	0.00195443
19.3848	0.00202188
19.405	0.00209114
19.4252	0.00216225
19.4454	0.00223524
19.4656	0.00231015
19.4858	0.00238702
19.5061	0.00246588
19.5263	0.00254678
19.5465	0.00262975
19.5667	0.00271483
19.5869	0.00280206
19.6071	0.00289149
19.6273	0.00298315
19.6475	0.00307708
19.6678	0.00317334
19.688	0.00327195
19.7082	0.00337298
19.7284	0.00347645
19.7486	0.00358241
19.7688	0.00369092
19.789	0.00380201
19.8093	0.00391573
19.8295	0.00403213
19.8497	0.00415126
19.8699	0.00427317
19.8901	0.00439789
19.9103	0.0045255
19.9305	0.00465603
19.9507	0.00478953
19.971	0.00492606
19.9912	0.00506568
20.0114	0.00520842
20.0316	0.00535436
20.0518	0.00550353
20.072	0.005656
20.0922	0.00581183
20.1125	0.00597107
20.1327	0.00613377
20.1529	0.00630001
20.1731	0.00646982
20.1933	0.00664328
20.2135	0.00682045
20.2337	0.00700139
20.254	0.00718615
20.2742	0.00737481
20.2944	0.00756742
20.3146	0.00776405
20.3348	0.00796477
20.355	0.00816964
20.3752	0.00837874
20.3954	0.00859212
20.4157	0.00880986
20.4359	0.00903202
20.4561	0.00925869
20.4763	0.00948992
20.4965	0.00972579
20.5167	0.00996638
20.5369	0.0102118
20.5572	0.010462
20.5774	0.0107172
20.5976	0.0109774
20.6178	0.0112427
20.638	0.0115132
20.6582	0.0117889
20.6784	0.01207
20.6986	0.0123565
20.7189	0.0126485
20.7391	0.0129461
20.7593	0.0132494
20.7795	0.0135584
20.7997	0.0138733
20.8199	0.0141941
20.8401	0.0145209
20.8604	0.0148539
20.8806	0.015193
20.9008	0.0155385
20.921	0.0158904
20.9412	0.0162487
20.9614	0.0166137
20.9816	0.0169853
21.0019	0.0173637
21.0221	0.017749
21.0423	0.0181413
21.0625	0.0185407
21.0827	0.0189473
21.1029	0.0193612
21.1231	0.0197824
21.1433	0.0202112
21.1636	0.0206476
21.1838	0.0210918
21.204	0.0215438
21.2242	0.0220037
21.2444	0.0224717
21.2646	0.0229479
21.2848	0.0234324
21.3051	0.0239253
21.3253	0.0244267
21.3455	0.0249368
21.3657	0.0254557
21.3859	0.0259835
21.4061	0.0265203
21.4263	0.0270663
21.4465	0.0276215
21.4668	0.0281861
21.487	0.0287603
21.5072	0.0293442
21.5274	0.0299378
21.5476	0.0305414
21.5678	0.031155
21.588	0.0317789
21.6083	0.0324131
21.6285	0.0330578
21.6487	0.0337131
21.6689	0.0343792
21.6891	0.0350562
21.7093	0.0357442
21.7295	0.0364435
21.7497	0.0371541
21.77	0.0378762
21.7902	0.03861
21.8104	0.0393555
21.8306	0.0401131
21.8508	0.0408827
21.871	0.0416646
21.8912	0.0424589
21.9115	0.0432658
21.9317	0.0440855
21.9519	0.0449181
21.9721	0.0457637
21.9923	0.0466226
22.0125	0.0474948
22.0327	0.0483807
22.053	0.0492802
22.0732	0.0501937
22.0934	0.0511213
22.1136	0.0520631
22.1338	0.0530193
22.154	0.0539901
22.1742	0.0549757
22.1944	0.0559763
22.2147	0.056992
22.2349	0.0580229
22.2551	0.0590694
22.2753	0.0601316
22.2955	0.0612096
22.3157	0.0623036
22.3359	0.0634138
22.3562	0.0645405
22.3764	0.0656837
22.3966	0.0668438
22.4168	0.0680208
22.437	0.0692149
22.4572	0.0704264
22.4774	0.0716555
22.4976	0.0729022
22.5179	0.0741669
22.5381	0.0754497
22.5583	0.0767508
22.5785	0.0780704
22.5987	0.0794087
22.6189	0.0807659
22.6391	0.0821421
22.6594	0.0835376
22.6796	0.0849526
22.6998	0.0863873
22.72	0.0878418
22.7402	0.0893164
22.7604	0.0908112
22.7806	0.0923265
22.8008	0.0938624
22.8211	0.0954192
22.8413	0.0969969
22.8615	0.0985959
22.8817	0.100216
22.9019	0.101858
22.9221	0.103522
22.9423	0.105208
22.9626	0.106916
22.9828	0.108646
23.003	0.110399
23.0232	0.112175
23.0434	0.113973
23.0636	0.115795
23.0838	0.117639
23.1041	0.119508
23.1243	0.1214
23.1445	0.123315
23.1647	0.125255
23.1849	0.127219
23.2051	0.129207
23.2253	0.13122
23.2455	0.133257
23.2658	0.135319
23.286	0.137406
23.3062	0.139518
23.3264	0.141656
23.3466	0.143818
23.3668	0.146007
23.387	0.14822
23.4073	0.15046
23.4275	0.152726
23.4477	0.155017
23.4679	0.157335
23.4881	0.159679
23.5083	0.16205
23.5285	0.164447
23.5487	0.16687
23.569	0.169321
23.5892	0.171798
23.6094	0.174301
23.6296	0.176832
23.6498	0.17939
23.67	0.181974
23.6902	0.184586
23.7105	0.187225
23.7307	0.189891
23.7509	0.192584
23.7711	0.195304
23.7913	0.198052
23.8115	0.200827
23.8317	0.203629
23.852	0.206458
23.8722	0.209314
23.8924	0.212197
23.9126	0.215108
23.9328	0.218045
23.953	0.221009
23.9732	0.224
23.9934	0.227018
24.0137	0.230063
24.0339	0.233134
24.0541	0.236232
24.0743	0.239356
24.0945	0.242506
24.1147	0.245682
24.1349	0.248883
24.1552	0.252111
24.1754	0.255364
24.1956	0.258642
24.2158	0.261945
24.236	0.265273
24.2562	0.268625
24.2764	0.272002
24.2966	0.275402
24.3169	0.278826
24.3371	0.282274
24.3573	0.285744
24.3775	0.289238
24.3977	0.292753
24.4179	0.296291
24.4381	0.29985
24.4584	0.30343
24.4786	0.307032
24.4988	0.310653
24.519	0.314295
24.5392	0.317956
24.5594	0.321636
24.5796	0.325334
24.5998	0.329051
24.6201	0.332785
24.6403	0.336536
24.6605	0.340303
24.6807	0.344086
24.7009	0.347885
24.7211	0.351698
24.7413	0.355526
24.7616	0.359366
24.7818	0.36322
24.802	0.367086
24.8222	0.370964
24.8424	0.374852
24.8626	0.378751
24.8828	0.382659
24.9031	0.386577
24.9233	0.390502
24.9435	0.394435
24.9637	0.398374
24.9839	0.402319
25.0041	0.40627
25.0243	0.410225
25.0445	0.414183
25.0648	0.418145
25.085	0.422108
25.1052	0.426073
25.1254	0.430038
25.1456	0.434003
25.1658	0.437967
25.186	0.441929
25.2063	0.445888
25.2265	0.449844
25.2467	0.453795
25.2669	0.457741
25.2871	0.461681
25.3073	0.465614
25.3275	0.46954
25.3477	0.473456
25.368	0.477364
25.3882	0.481261
25.4084	0.485147
25.4286	0.489022
25.4488	0.492884
25.469	0.496732
25.4892	0.500566
25.5095	0.504385
25.5297	0.508188
25.5499	0.511974
25.5701	0.515743
25.5903	0.519494
25.6105	0.523226
25.6307	0.526938
25.6509	0.530629
25.6712	0.5343
25.6914	0.537949
25.7116	0.541575
25.7318	0.545177
25.752	0.548756
25.7722	0.55231
25.7924	0.555839
25.8127	0.559342
25.8329	0.562818
25.8531	0.566267
25.8733	0.569688
25.8935	0.573081
25.9137	0.576446
25.9339	0.57978
25.9542	0.583085
25.9744	0.58636
25.9946	0.589603
26.0148	0.592815
26.035	0.595996
26.0552	0.599144
26.0754	0.602259
26.0956	0.605341
26.1159	0.60839
26.1361	0.611405
26.1563	0.614386
26.1765	0.617332
26.1967	0.620244
26.2169	0.623121
26.2371	0.625962
26.2574	0.628768
26.2776	0.631538
26.2978	0.634272
26.318	0.63697
26.3382	0.639632
26.3584	0.642258
26.3786	0.644846
26.3988	0.647399
26.4191	0.649914
26.4393	0.652393
26.4595	0.654835
26.4797	0.65724
26.4999	0.659608
26.5201	0.661939
26.5403	0.664234
26.5606	0.666491
26.5808	0.668712
26.601	0.670896
26.6212	0.673044
26.6414	0.675155
26.6616	0.67723
26.6818	0.679268
26.7021	0.68127
26.7223	0.683236
26.7425	0.685167
26.7627	0.687062
26.7829	0.688921
26.8031	0.690745
26.8233	0.692534
26.8435	0.694289
26.8638	0.696009
26.884	0.697694
26.9042	0.699346
26.9244	0.700964
26.9446	0.702549
26.9648	0.7041
26.985	0.705618
27.0053	0.707104
27.0255	0.708558
27.0457	0.70998
27.0659	0.711371
27.0861	0.71273
27.1063	0.714058
27.1265	0.715356
27.1467	0.716623
27.167	0.717861
27.1872	0.71907
27.2074	0.720249
27.2276	0.7214
27.2478	0.722522
27.268	0.723616
27.2882	0.724683
27.3085	0.725723
27.3287	0.726736
27.3489	0.727723
27.3691	0.728684
27.3893	0.729619
27.4095	0.730529
27.4297	0.731415
27.4499	0.732276
27.4702	0.733113
27.4904	0.733927
27.5106	0.734717
27.5308	0.735485
27.551	0.73623
27.5712	0.736954
27.5914	0.737656
27.6117	0.738337
27.6319	0.738998
27.6521	0.739638
27.6723	0.740258
27.6925	0.740858
27.7127	0.74144
27.7329	0.742003
27.7532	0.742547
27.7734	0.743074
27.7936	0.743583
27.8138	0.744075
27.834	0.74455
27.8542	0.745009
27.8744	0.745451
27.8946	0.745879
27.9149	0.74629
27.9351	0.746687
27.9553	0.747069
27.9755	0.747437
27.9957	0.747792
28.0159	0.748132
28.0361	0.74846
28.0564	0.748774
28.0766	0.749077
28.0968	0.749367
28.117	0.749645
28.1372	0.749911
28.1574	0.750167
28.1776	0.750412
28.1978	0.750646
28.2181	0.750869
28.2383	0.751083
28.2585	0.751287
28.2787	0.751482
28.2989	0.751668
28.3191	0.751845
28.3393	0.752013
28.3596	0.752173
28.3798	0.752325
28.4	0.75247
28.4202	0.752607
28.4404	0.752736
28.4606	0.752859
28.4808	0.752975
28.501	0.753084
28.5213	0.753188
28.5415	0.753285
28.5617	0.753376
28.5819	0.753462
28.6021	0.753543
28.6223	0.753618
28.6425	0.753688
28.6628	0.753754
28.683	0.753815
28.7032	0.753871
28.7234	0.753924
28.7436	0.753972
28.7638	0.754016
28.784	0.754057
28.8043	0.754095
28.8245	0.754129
28.8447	0.754159
28.8649	0.754187
28.8851	0.754212
28.9053	0.754234
28.9255	0.754253
28.9457	0.75427
28.966	0.754285
28.9862	0.754298
29.0064	0.754308
29.0266	0.754316
29.0468	0.754323
29.067	0.754327
29.0872	0.75433
29.1075	0.754332
29.1277	0.754332
29.1479	0.754331
29.1681	0.754328
29.1883	0.754324
29.2085	0.754319
29.2287	0.754313
29.2489	0.754306
29.2692	0.754299
29.2894	0.75429
29.3096	0.754281
29.3298	0.754271
29.35	0.75426
29.3702	0.754249
29.3904	0.754237
29.4107	0.754225
29.4309	0.754213
29.4511	0.7542
29.4713	0.754187
29.4915	0.754173
29.5117	0.75416
29.5319	0.754146
29.5522	0.754131
29.5724	0.754117
29.5926	0.754103
29.6128	0.754088
29.633	0.754074
29.6532	0.754059
29.6734	0.754045
29.6936	0.75403
29.7139	0.754016
29.7341	0.754001
29.7543	0.753987
29.7745	0.753972
29.7947	0.753958
29.8149	0.753943
29.8351	0.753929
29.8554	0.753915
29.8756	0.753901
29.8958	0.753887
29.916	0.753873
29.9362	0.75386
29.9564	0.753846
29.9766	0.753833
29.9968	0.753819
30.0171	0.753806
30.0373	0.753793
30.0575	0.75378
30.0777	0.753767
30.0979	0.753754
30.1181	0.753741
30.1383	0.753728
30.1586	0.753716
30.1788	0.753703
30.199	0.753691
30.2192	0.753678
30.2394	0.753666
30.2596	0.753654
30.2798	0.753641
30.3	0.753629
30.3203	0.753617
30.3405	0.753605
30.3607	0.753593
30.3809	0.753581
30.4011	0.753568
30.4213	0.753556
30.4415	0.753544
30.4618	0.753532
30.482	0.75352
30.5022	0.753508
30.5224	0.753495
30.5426	0.753483
30.5628	0.753471
30.583	0.753458
30.6033	0.753446
30.6235	0.753433
30.6437	0.75342
30.6639	0.753408
30.6841	0.753395
30.7043	0.753382
30.7245	0.753369
30.7447	0.753356
30.765	0.753343
30.7852	0.753329
30.8054	0.753316
30.8256	0.753302
30.8458	0.753288
30.866	0.753275
30.8862	0.753261
30.9065	0.753246
30.9267	0.753232
30.9469	0.753218
30.9671	0.753203
30.9873	0.753188
31.0075	0.753174
31.0277	0.753159
31.0479	0.753143
31.0682	0.753128
31.0884	0.753112
31.1086	0.753097
31.1288	0.753081
31.149	0.753065
31.1692	0.753049
31.1894	0.753032
31.2097	0.753016
31.2299	0.752999
31.2501	0.752982
31.2703	0.752965
31.2905	0.752948
31.3107	0.75293
31.3309	0.752912
31.3511	0.752895
31.3714	0.752876
31.3916	0.752858
31.4118	0.75284
31.432	0.752821
31.4522	0.752802
31.4724	0.752783
31.4926	0.752764
31.5129	0.752745
31.5331	0.752725
31.5533	0.752705
31.5735	0.752685
31.5937	0.752665
31.6139	0.752645
31.6341	0.752624
31.6544	0.752603
31.6746	0.752582
31.6948	0.752561
31.715	0.752539
31.7352	0.752517
31.7554	0.752495
31.7756	0.752473
31.7958	0.752451
31.8161	0.752428
31.8363	0.752406
31.8565	0.752382
31.8767	0.752359
31.8969	0.752336
31.9171	0.752312
31.9373	0.752288
31.9576	0.752264
31.9778	0.752239
31.998	0.752215
32.0182	0.75219
32.0384	0.752164
32.0586	0.752139
32.0788	0.752113
32.099	0.752087
32.1193	0.752061
32.1395	0.752035
32.1597	0.752008
32.1799	0.751981
32.2001	0.751954
32.2203	0.751926
32.2405	0.751899
32.2608	0.751871
32.281	0.751842
32.3012	0.751814
32.3214	0.751785
32.3416	0.751756
32.3618	0.751727
32.382	0.751697
32.4023	0.751667
32.4225	0.751637
32.4427	0.751607
32.4629	0.751576
32.4831	0.751545
32.5033	0.751514
32.5235	0.751482
32.5437	0.751451
32.564	0.751419
32.5842	0.751386
32.6044	0.751354
32.6246	0.751321
32.6448	0.751288
32.665	0.751254
32.6852	0.751221
32.7055	0.751187
32.7257	0.751153
32.7459	0.751118
32.7661	0.751084
32.7863	0.751049
32.8065	0.751014
32.8267	0.750978
32.8469	0.750942
32.8672	0.750907
32.8874	0.75087
32.9076	0.750834
32.9278	0.750797
32.948	0.750761
32.9682	0.750724
32.9884	0.750686
33.0087	0.750649
33.0289	0.750611
33.0491	0.750573
33.0693	0.750535
33.0895	0.750497
33.1097	0.750458
33.1299	0.750419
33.1501	0.750381
33.1704	0.750341
33.1906	0.750302
33.2108	0.750263
33.231	0.750223
33.2512	0.750183
33.2714	0.750143
33.2916	0.750103
33.3119	0.750063
33.3321	0.750022
33.3523	0.749982
33.3725	0.749941
33.3927	0.7499
33.4129	0.749858
33.4331	0.749817
33.4534	0.749775
33.4736	0.749734
33.4938	0.749692
33.514	0.749649
33.5342	0.749607
33.5544	0.749564
33.5746	0.749522
33.5948	0.749478
33.6151	0.749435
33.6353	0.749392
33.6555	0.749348
33.6757	0.749304
33.6959	0.749259
33.7161	0.749214
33.7363	0.749169
33.7566	0.749123
33.7768	0.749077
33.797	0.749031
33.8172	0.748984
33.8374	0.748937
33.8576	0.748889
33.8778	0.74884
33.898	0.748791
33.9183	0.748742
33.9385	0.748691
33.9587	0.74864
33.9789	0.748588
33.9991	0.748535
34.0193	0.748482
34.0395	0.748427
34.0598	0.748372
34.08	0.748315
34.1002	0.748257
34.1204	0.748198
34.1406	0.748138
34.1608	0.748076
34.181	0.748013
34.2012	0.747949
34.2215	0.747883
34.2417	0.747815
34.2619	0.747745
34.2821	0.747674
34.3023	0.747601
34.3225	0.747525
34.3427	0.747447
34.363	0.747367
34.3832	0.747285
34.4034	0.7472
34.4236	0.747113
34.4438	0.747022
34.464	0.746929
34.4842	0.746833
34.5045	0.746733
34.5247	0.74663
34.5449	0.746524
34.5651	0.746414
34.5853	0.7463
34.6055	0.746182
34.6257	0.74606
34.6459	0.745934
34.6662	0.745804
34.6864	0.745668
34.7066	0.745528
34.7268	0.745383
34.747	0.745232
34.7672	0.745076
34.7874	0.744915
34.8077	0.744748
34.8279	0.744574
34.8481	0.744394
34.8683	0.744208
34.8885	0.744015
34.9087	0.743815
34.9289	0.743608
34.9491	0.743393
34.9694	0.743171
34.9896	0.74294
35.0098	0.742702
35.03	0.742455
35.0502	0.742199
35.0704	0.741934
35.0906	0.741659
35.1109	0.741376
35.1311	0.741082
35.1513	0.740778
35.1715	0.740464
35.1917	0.740138
35.2119	0.739802
35.2321	0.739454
35.2524	0.739095
35.2726	0.738724
35.2928	0.73834
35.313	0.737943
35.3332	0.737534
35.3534	0.737111
35.3736	0.736674
35.3938	0.736223
35.4141	0.735758
35.4343	0.735278
35.4545	0.734783
35.4747	0.734273
35.4949	0.733746
35.5151	0.733204
35.5353	0.732644
35.5556	0.732068
35.5758	0.731474
35.596	0.730863
35.6162	0.730234
35.6364	0.729586
35.6566	0.728919
35.6768	0.728232
35.697	0.727526
35.7173	0.7268
35.7375	0.726054
35.7577	0.725286
35.7779	0.724498
35.7981	0.723687
35.8183	0.722854
35.8385	0.721999
35.8588	0.721121
35.879	0.72022
35.8992	0.719295
35.9194	0.718345
35.9396	0.717371
35.9598	0.716372
35.98	0.715348
36.0002	0.714298
36.0205	0.713221
36.0407	0.712118
36.0609	0.710988
36.0811	0.709831
36.1013	0.708645
36.1215	0.707432
36.1417	0.70619
36.162	0.704918
36.1822	0.703618
36.2024	0.702287
36.2226	0.700927
36.2428	0.699536
36.263	0.698114
36.2832	0.696661
36.3035	0.695176
36.3237	0.693659
36.3439	0.692109
36.3641	0.690528
36.3843	0.688913
36.4045	0.687264
36.4247	0.685582
36.4449	0.683867
36.4652	0.682116
36.4854	0.680332
36.5056	0.678512
36.5258	0.676657
36.546	0.674767
36.5662	0.672842
36.5864	0.67088
36.6067	0.668883
36.6269	0.666849
36.6471	0.664778
36.6673	0.662671
36.6875	0.660527
36.7077	0.658345
36.7279	0.656127
36.7481	0.653871
36.7684	0.651578
36.7886	0.649247
36.8088	0.646878
36.829	0.644472
36.8492	0.642028
36.8694	0.639545
36.8896	0.637025
36.9099	0.634467
36.9301	0.631871
36.9503	0.629238
36.9705	0.626566
36.9907	0.623856
37.0109	0.621109
37.0311	0.618324
37.0513	0.615502
37.0716	0.612642
37.0918	0.609745
37.112	0.60681
37.1322	0.603839
37.1524	0.600831
37.1726	0.597787
37.1928	0.594706
37.2131	0.59159
37.2333	0.588437
37.2535	0.585249
37.2737	0.582027
37.2939	0.578769
37.3141	0.575477
37.3343	0.572151
37.3546	0.568792
37.3748	0.565399
37.395	0.561974
37.4152	0.558516
37.4354	0.555027
37.4556	0.551506
37.4758	0.547954
37.496	0.544373
37.5163	0.540761
37.5365	0.53712
37.5567	0.533451
37.5769	0.529753
37.5971	0.526029
37.6173	0.522277
37.6375	0.518499
37.6578	0.514696
37.678	0.510868
37.6982	0.507016
37.7184	0.503141
37.7386	0.499243
37.7588	0.495323
37.779	0.491381
37.7992	0.487419
37.8195	0.483438
37.8397	0.479437
37.8599	0.475418
37.8801	0.471382
37.9003	0.467329
37.9205	0.46326
37.9407	0.459176
37.961	0.455077
37.9812	0.450966
38.0014	0.446841
38.0216	0.442705
38.0418	0.438558
38.062	0.4344
38.0822	0.430234
38.1025	0.426058
38.1227	0.421875
38.1429	0.417685
38.1631	0.413489
38.1833	0.409288
38.2035	0.405082
38.2237	0.400873
38.2439	0.396661
38.2642	0.392447
38.2844	0.388232
38.3046	0.384016
38.3248	0.379801
38.345	0.375587
38.3652	0.371375
38.3854	0.367166
38.4057	0.36296
38.4259	0.358758
38.4461	0.354562
38.4663	0.350371
38.4865	0.346187
38.5067	0.342009
38.5269	0.33784
38.5471	0.333679
38.5674	0.329527
38.5876	0.325386
38.6078	0.321255
38.628	0.317135
38.6482	0.313027
38.6684	0.308931
38.6886	0.304848
38.7089	0.300779
38.7291	0.296724
38.7493	0.292684
38.7695	0.28866
38.7897	0.284651
38.8099	0.280658
38.8301	0.276682
38.8503	0.272724
38.8706	0.268783
38.8908	0.264861
38.911	0.260958
38.9312	0.257073
38.9514	0.253208
38.9716	0.249363
38.9918	0.245539
39.0121	0.241735
39.0323	0.237952
39.0525	0.234191
39.0727	0.230451
39.0929	0.226734
39.1131	0.223039
39.1333	0.219366
39.1536	0.215716
39.1738	0.21209
39.194	0.208487
39.2142	0.204907
39.2344	0.201351
39.2546	0.19782
39.2748	0.194312
39.295	0.190829
39.3153	0.187371
39.3355	0.183937
39.3557	0.180528
39.3759	0.177144
39.3961	0.173785
39.4163	0.170451
39.4365	0.167143
39.4568	0.16386
39.477	0.160603
39.4972	0.15737
39.5174	0.154164
39.5376	0.150983
39.5578	0.147828
39.578	0.144698
39.5982	0.141594
39.6185	0.138516
39.6387	0.135463
39.6589	0.132436
39.6791	0.129435
39.6993	0.126459
39.7195	0.123509
39.7397	0.120584
39.76	0.117685
39.7802	0.114811
39.8004	0.111962
39.8206	0.109139
39.8408	0.106341
39.861	0.103568
39.8812	0.10082
39.9014	0.0980964
39.9217	0.095398
39.9419	0.0927242
39.9621	0.090075
39.9823	0.0874503
40.0025	0.0848499
40.0227	0.0822737
40.0429	0.0797215
40.0632	0.0771933
40.0834	0.0746889
40.1036	0.0722081
40.1238	0.0697508
40.144	0.0673168
40.1642	0.064906
40.1844	0.0625183
40.2047	0.0601534
40.2249	0.0578113
40.2451	0.0554917
40.2653	0.0531945
40.2855	0.0509194
40.3057	0.0486664
40.3259	0.0464353
40.3461	0.0442259
40.3664	0.0420379
40.3866	0.0398713
40.4068	0.0377259
